0.117188 
0.660156 
1.203125 
1.746094 
2.289063 
2.800781 
3.343750 
3.886719 
4.343750 
4.886719 
5.371094 
5.914063 
6.457031 
6.953125 
7.476563 
7.964844 
8.468750 
8.964844 
9.468750 
9.964844 
10.460938 
10.964844 
11.480469 
11.964844 
12.464844 
12.957031 
13.460938 
13.945313 
14.414063 
14.871094 
15.414063 
15.917969 
16.410156 
16.933594 
17.437500 
17.960938 
18.464844 
18.960938 
19.460938 
19.960938 
20.460938 
20.964844 
21.460938 
21.960938 
22.464844 
22.964844 
23.457031 
23.953125 
24.464844 
24.960938 
25.464844 
25.964844 
26.460938 
26.957031 
27.460938 
27.960938 
28.460938 
28.964844 
29.464844 
29.960938 
30.464844 
30.964844 
31.464844 
31.968750 
32.464844 
32.964844 
33.460938 
33.957031 
34.460938 
34.960938 
35.460938 
35.968750 
36.468750 
36.960938 
37.476563 
37.957031 
38.437500 
38.941406 
39.445313 
39.941406 
40.445313 
40.960938 
41.460938 
41.964844 
42.468750 
42.964844 
43.464844 
43.964844 
44.460938 
44.964844 
45.460938 
45.957031 
46.468750 
46.968750 
47.460938 
47.953125 
48.464844 
48.960938 
49.464844 
49.968750 
50.460938 
50.968750 
51.460938 
51.964844 
52.468750 
52.960938 
53.453125 
53.964844 
54.464844 
54.957031 
55.457031 
55.960938 
56.453125 
56.957031 
57.453125 
57.949219 
58.453125 
58.960938 
59.453125 
59.960938 
60.457031 
60.960938 
61.468750 
61.968750 
62.460938 
62.968750 
63.457031 
63.964844 
64.460938 
64.964844 
65.468750 
65.960938 
66.460938 
66.972656 
67.464844 
67.960938 
68.460938 
68.960938 
69.453125 
69.957031 
70.460938 
70.957031 
71.453125 
71.964844 
72.472656 
72.968750 
73.464844 
73.960938 
74.457031 
