271760 
295840 
317856 
339872 
363952 
386140 
407984 
430000 
450468 
472484 
496564 
516516 
539392 
561408 
584628 
607332 
627800 
650332 
673380 
695568 
717584 
740116 
760928 
782944 
805476 
828180 
850540 
871868 
893884 
914008 
938088 
959072 
981088 
1003276 
1025464 
1047652 
1069840 
1090996 
1114044 
1135888 
1157732 
1179060 
1202108 
1223092 
1246140 
1267468 
1290344 
1312532 
1334720 
1355704 
1378580 
1401284 
1422956 
1443768 
1466816 
1489004 
1510676 
1531488 
1554708 
1576380 
1599084 
1620412 
1642428 
1664444 
1686460 
1708476 
